   1.5550315e+01
   1.4566827e+01
   1.2968502e+01
   1.1305441e+01
   1.0670745e+01
   1.1081300e+01
   1.1339761e+01
   1.0609408e+01
   8.9623480e+00
   7.0773896e+00
   5.6990427e+00
   5.0131461e+00
   4.6368016e+00
   4.3375509e+00
   4.2118846e+00
   4.2981348e+00
   4.4112505e+00
   4.3556404e+00
   4.0709297e+00
   3.6037967e+00
   3.0361368e+00
   2.4396466e+00
   1.8661275e+00
   1.3577507e+00
   9.5581975e-01
   6.9112807e-01
   5.5661681e-01
   5.0896166e-01
   5.0474614e-01
   4.9120263e-01
   4.0492219e-01
   3.3713276e-01
   2.7837238e-01
   2.3029667e-01
   1.9299110e-01
   1.6486245e-01
   1.4326884e-01
   1.2534256e-01
   1.0867921e-01
   9.1859235e-02
   7.4680652e-02
   5.7956389e-02
   4.2960991e-02
   3.0802925e-02
   2.1982826e-02
   1.6261032e-02
   1.2853298e-02
   1.0857584e-02
   9.5963755e-03
   8.6706069e-03
   7.8686744e-03
   7.0784678e-03
   6.2323186e-03
   5.2893795e-03
   4.2508815e-03
   3.1827129e-03
   2.2118527e-03
   1.4782939e-03
   1.0510720e-03
   8.7184161e-04
   7.9326166e-04
   6.0004873e-04
   4.5114733e-04
   3.2401938e-04
   2.2126988e-04
   1.4700806e-04
   1.0224299e-04
   8.0584988e-05
   7.1380558e-05
   6.7928414e-05
   6.6708407e-05
   6.4153641e-05
   5.7744339e-05
   4.7346216e-05
   3.4748282e-05
   2.2445772e-05
   1.2777096e-05
   7.9425684e-06
   8.0154439e-06
   9.0221348e-06
   9.1065488e-06
   8.2000454e-06
   6.6223728e-06
   4.8010027e-06
   3.2092735e-06
   2.2248464e-06
   1.8412185e-06
   1.7783629e-06
   1.8827136e-06
   1.9202203e-06
   1.6551418e-06
   1.2020650e-06
   1.0260931e-06
   8.7806209e-07
   7.7926729e-07
   7.1717410e-07
   6.7752338e-07
   6.4509212e-07
   6.0492140e-07
   5.4718967e-07
   4.7098793e-07
   3.8355758e-07
   2.9611246e-07
   2.1905152e-07
   1.5869593e-07
   1.1631400e-07
   8.9129363e-08
   7.2527302e-08
   6.2260099e-08
   5.5449580e-08
   5.0393135e-08
   4.6020404e-08
   4.1545564e-08
   3.6432184e-08
   3.0558805e-08
   2.4344565e-08
   1.8616665e-08
   1.4182685e-08
   1.1339013e-08
   9.7330318e-09
   8.6170769e-09
   7.2020196e-09
   5.2923622e-09
   4.0128749e-09
   2.9009668e-09
   2.0483898e-09
   1.4676283e-09
   1.1225812e-09
   9.3873144e-10
   8.4300185e-10
   7.8516372e-10
   7.3132305e-10
   6.6092226e-10
   5.6879612e-10
   4.6232350e-10
   3.5425265e-10
   2.5605516e-10
   1.7458074e-10
   1.1200839e-10
   6.7504980e-11
   3.8981249e-11
   2.3688926e-11
   1.7433360e-11
   1.5477711e-11
   1.5022775e-11
   1.4107131e-11
   1.1403817e-11
   7.3941362e-12
   4.6110108e-12
   4.4658626e-12
   4.0252912e-12
   3.3778809e-12
   3.6049293e-12
   3.0476312e-12
   2.7519455e-12
   2.2609002e-12
   1.8414459e-12
   1.7347575e-12
   1.8689790e-12
   1.9777516e-12
   1.9193114e-12
   1.6997005e-12
   1.3842488e-12
   1.0516955e-12
   7.6421167e-13
   5.4360249e-13
   3.9504937e-13
   3.0199010e-13
   2.4725595e-13
   2.1459422e-13
   1.9395605e-13
   1.7795698e-13
   1.6314737e-13
   1.4455029e-13
   1.1889651e-13
   9.3769456e-14
   6.8575386e-14
   4.8872440e-14
   3.7406861e-14
   3.4812734e-14
   3.0017514e-14
   2.5909488e-14
   2.0568104e-14
   1.9125329e-14
   2.1799748e-14
   2.5375325e-14
   2.9173955e-14
   3.0774519e-14
   3.2445502e-14
   3.4247732e-14
   3.5534145e-14
   3.3864967e-14
   3.3925889e-14
   3.4358987e-14
   3.4645621e-14
   3.5152856e-14
   3.6134159e-14
   3.6397059e-14
   3.7383064e-14
   3.8214602e-14
   3.9005682e-14
   3.8900202e-14
   3.9112919e-14
   4.0336850e-14
   3.9102794e-14
   4.0017103e-14
   3.9429638e-14
   3.9348198e-14
   4.0166061e-14
   3.9593545e-14
   3.9419555e-14
   4.0033685e-14
   3.9927941e-14
   3.9646382e-14
   4.0066829e-14
   4.0263940e-14
   3.8139701e-14
   3.9691126e-14
   3.9815102e-14
   3.8324918e-14
   3.9306134e-14
   3.8907066e-14
   3.9379054e-14
   3.8330824e-14
   3.8820481e-14
   3.9836054e-14
   3.8040728e-14
   3.8951670e-14
   3.7509630e-14
   3.8979178e-14
   3.8994304e-14
   3.8092002e-14
   3.9057613e-14
   3.7654594e-14
   3.8378587e-14
   3.7928035e-14
   3.8639612e-14
   3.8676488e-14
   3.8364664e-14
   3.9917251e-14
   3.9680423e-14
   3.8878543e-14
   3.8740175e-14
   3.8754172e-14
   3.9189794e-14
   3.8619831e-14
   3.9191524e-14
   3.8331467e-14
   3.8178995e-14
   3.9366453e-14
   3.7840839e-14
   3.8596204e-14
   3.9484865e-14
   3.9293353e-14
   3.9204259e-14
   3.8411175e-14
   3.9478140e-14
   3.9185391e-14
   3.8832414e-14
   3.9455510e-14
   3.8068292e-14
   3.8390840e-14
   3.9370445e-14
   3.8943165e-14
   3.9811525e-14
   3.9190630e-14
   4.0036379e-14
   4.0098388e-14
   4.0264983e-14
   4.0003500e-14
   3.8039545e-14
   3.9208172e-14
   3.8781845e-14
   3.8133881e-14
   3.8020342e-14
   3.7785304e-14
   3.8902925e-14
   3.8481707e-14
   3.8550559e-14
   3.7483710e-14
   3.8340269e-14
   3.9039796e-14
   3.8813873e-14
   3.9188951e-14
   3.9575385e-14
   3.9930623e-14
   3.9784038e-14
   4.0317517e-14
   4.0286322e-14
   4.0794599e-14
   3.9436935e-14
   4.0263174e-14
   3.8017624e-14
   3.8741380e-14
   3.7550929e-14
   3.8721808e-14
   3.8811273e-14
   3.9443637e-14
   3.8712802e-14
   3.9266562e-14
   3.9879349e-14
   3.9945437e-14
   3.9907067e-14
   3.9893475e-14
   3.8499527e-14
   3.9413770e-14
   4.0206461e-14
   3.9831374e-14
   3.9095898e-14
   4.0450364e-14
   3.8810744e-14
   3.9804094e-14
   3.9868066e-14
   3.9668617e-14
   3.8967318e-14
   3.8590937e-14
   4.1201378e-14
   3.8638306e-14
   3.9729615e-14
   3.9639930e-14
   3.8170277e-14
   3.8091618e-14
   3.8922168e-14
   3.8883087e-14
   3.9372323e-14
   3.9779700e-14
   3.8704523e-14
   3.8770816e-14
   3.9643129e-14
   3.8617278e-14
   3.9543838e-14
   4.0226163e-14
   3.8616640e-14
   3.8062707e-14
   4.0194120e-14
   3.9401210e-14
   3.8642645e-14
   3.9626958e-14
   3.9852140e-14
   3.8400631e-14
   3.9188047e-14
   3.9153827e-14
   3.8353149e-14
   3.8024901e-14
   3.9780618e-14
   3.7498823e-14
   3.8536038e-14
   3.8405177e-14
   3.7878486e-14
   3.7599025e-14
   3.8525401e-14
   3.8536008e-14
   3.9674508e-14
   3.9650064e-14
   3.9181304e-14
   3.7765194e-14
   3.8827731e-14
   3.9545289e-14
   3.9487896e-14
   3.9830310e-14
   3.9482667e-14
   3.8927395e-14
   3.9599486e-14
   3.9328566e-14
   3.7051214e-14
   3.7920681e-14
   3.8524384e-14
   3.7571357e-14
   3.8521962e-14
   3.8132752e-14
   3.8628286e-14
   3.9233802e-14
   3.9125680e-14
   3.8949494e-14
   3.9521683e-14
   3.8772406e-14
   3.8346829e-14
   3.8322312e-14
   3.9284037e-14
   3.9617098e-14
   3.8808156e-14
   3.8949969e-14
   3.9025371e-14
   3.9662402e-14
   3.9543509e-14
   3.9216205e-14
   3.9335561e-14
   3.8924276e-14
   3.9551084e-14
   3.8336735e-14
   3.8623868e-14
   3.9362840e-14
   3.9332858e-14
   3.8192229e-14
   3.8840854e-14
   3.9706507e-14
   3.9388169e-14
   3.7810208e-14
   3.9228824e-14
   3.7627791e-14
